# =============================================================
# stress_config_20.txt — 20 config khó để stress test solver
#
# Mục tiêu:
# - nhiều config hơn để runtime dài hơn test_config.txt;
# - surge/hotspot công bố rõ;
# - nhiều bottleneck, hành lang, dual-hotspot và capacity/tải trọng lệch;
# - vẫn giữ kích thước vừa phải để không vượt xa giới hạn 60 phút.
# =============================================================

[SEED]
base_seed = 42

[CONFIG]
name              = S01_TinyRushTight
N                 = 10
C                 = 3
G                 = 55
T                 = 260
K_max             = 1 2 3
W_max             = 8.0 20.0 30.0
lambda0           = 0.13
surge_amplitude   = 5.0
surge_windows     = 30 110 150 215
hotspots          = 1 8 8 1
[MAP]
1 1 1 1 1 1 1 1 1 1
1 0 0 0 1 0 0 0 0 1
1 0 1 0 0 0 0 1 0 1
1 0 0 0 1 1 0 0 0 1
1 0 0 0 1 0 0 0 0 1
1 0 0 1 0 0 1 0 0 1
1 0 0 0 1 0 0 0 0 1
1 0 1 0 0 0 0 1 0 1
1 0 0 0 1 0 0 0 0 1
1 1 1 1 1 1 1 1 1 1
[END]

[CONFIG]
name              = S02_TinyDualHotspot
N                 = 10
C                 = 3
G                 = 65
T                 = 300
K_max             = 1 1 3
W_max             = 10.0 30.0 20.0
lambda0           = 0.14
surge_amplitude   = 5.5
surge_windows     = 20 125 190 260
hotspots          = 2 2 7 7
[MAP]
1 1 1 1 1 1 1 1 1 1
1 0 0 0 1 0 0 0 0 1
1 0 1 0 0 0 0 1 0 1
1 0 0 0 1 1 0 0 0 1
1 0 0 0 1 0 0 0 0 1
1 0 0 1 0 0 1 0 0 1
1 0 0 0 1 0 0 0 0 1
1 0 1 0 0 0 0 1 0 1
1 0 0 0 1 0 0 0 0 1
1 1 1 1 1 1 1 1 1 1
[END]

[CONFIG]
name              = S03_TinyLongDay
N                 = 10
C                 = 4
G                 = 75
T                 = 420
K_max             = 1 2 2 3
W_max             = 8.0 15.0 30.0 20.0
lambda0           = 0.10
surge_amplitude   = 4.0
surge_windows     = 70 180 260 350
hotspots          = 1 8 8 1 5 5
[MAP]
1 1 1 1 1 1 1 1 1 1
1 0 0 0 1 0 0 0 0 1
1 0 1 0 0 0 0 1 0 1
1 0 0 0 1 1 0 0 0 1
1 0 0 0 1 0 0 0 0 1
1 0 0 1 0 0 1 0 0 1
1 0 0 0 1 0 0 0 0 1
1 0 1 0 0 0 0 1 0 1
1 0 0 0 1 0 0 0 0 1
1 1 1 1 1 1 1 1 1 1
[END]

[CONFIG]
name              = S04_TinyHeavyMix
N                 = 10
C                 = 4
G                 = 85
T                 = 360
K_max             = 1 1 2 2
W_max             = 5.0 15.0 30.0 30.0
lambda0           = 0.16
surge_amplitude   = 6.0
surge_windows     = 40 165 205 315
hotspots          = 2 8 8 2
[MAP]
1 1 1 1 1 1 1 1 1 1
1 0 0 0 1 0 0 0 0 1
1 0 1 0 0 0 0 1 0 1
1 0 0 0 1 1 0 0 0 1
1 0 0 0 1 0 0 0 0 1
1 0 0 1 0 0 1 0 0 1
1 0 0 0 1 0 0 0 0 1
1 0 1 0 0 0 0 1 0 1
1 0 0 0 1 0 0 0 0 1
1 1 1 1 1 1 1 1 1 1
[END]

[CONFIG]
name              = S05_Bridge12Rush
N                 = 12
C                 = 3
G                 = 70
T                 = 420
K_max             = 2 2 1
W_max             = 10.0 20.0 30.0
lambda0           = 0.11
surge_amplitude   = 5.0
surge_windows     = 50 170 230 350
hotspots          = 5 4 5 7
[MAP]
1 1 1 1 1 1 1 1 1 1 1 1
1 0 0 0 0 1 1 0 0 0 0 1
1 0 0 0 0 1 1 0 0 0 0 1
1 0 0 0 0 1 1 0 0 0 0 1
1 0 0 0 0 1 1 0 0 0 0 1
1 0 0 0 0 0 0 0 0 0 0 1
1 0 0 0 0 1 1 0 0 0 0 1
1 0 0 0 0 1 1 0 0 0 0 1
1 0 0 0 0 1 1 0 0 0 0 1
1 0 0 0 0 1 1 0 0 0 0 1
1 0 0 0 0 1 1 0 0 0 0 1
1 1 1 1 1 1 1 1 1 1 1 1
[END]

[CONFIG]
name              = S06_Bridge12Crowd
N                 = 12
C                 = 4
G                 = 90
T                 = 480
K_max             = 1 2 2 3
W_max             = 8.0 20.0 30.0 20.0
lambda0           = 0.13
surge_amplitude   = 5.5
surge_windows     = 60 190 270 400
hotspots          = 4 4 7 7
[MAP]
1 1 1 1 1 1 1 1 1 1 1 1
1 0 0 0 0 1 1 0 0 0 0 1
1 0 0 0 0 1 1 0 0 0 0 1
1 0 0 0 0 1 1 0 0 0 0 1
1 0 0 0 0 1 1 0 0 0 0 1
1 0 0 0 0 0 0 0 0 0 0 1
1 0 0 0 0 1 1 0 0 0 0 1
1 0 0 0 0 1 1 0 0 0 0 1
1 0 0 0 0 1 1 0 0 0 0 1
1 0 0 0 0 1 1 0 0 0 0 1
1 0 0 0 0 1 1 0 0 0 0 1
1 1 1 1 1 1 1 1 1 1 1 1
[END]

[CONFIG]
name              = S07_Bridge12Long
N                 = 12
C                 = 4
G                 = 100
T                 = 620
K_max             = 2 2 2 3
W_max             = 10.0 15.0 30.0 20.0
lambda0           = 0.10
surge_amplitude   = 4.5
surge_windows     = 90 230 360 520
hotspots          = 2 3 9 8 5 5
[MAP]
1 1 1 1 1 1 1 1 1 1 1 1
1 0 0 0 0 1 1 0 0 0 0 1
1 0 0 0 0 1 1 0 0 0 0 1
1 0 0 0 0 1 1 0 0 0 0 1
1 0 0 0 0 1 1 0 0 0 0 1
1 0 0 0 0 0 0 0 0 0 0 1
1 0 0 0 0 1 1 0 0 0 0 1
1 0 0 0 0 1 1 0 0 0 0 1
1 0 0 0 0 1 1 0 0 0 0 1
1 0 0 0 0 1 1 0 0 0 0 1
1 0 0 0 0 1 1 0 0 0 0 1
1 1 1 1 1 1 1 1 1 1 1 1
[END]

[CONFIG]
name              = S08_Bridge12Burst
N                 = 12
C                 = 5
G                 = 115
T                 = 520
K_max             = 1 1 2 2 3
W_max             = 8.0 15.0 20.0 30.0 20.0
lambda0           = 0.15
surge_amplitude   = 6.0
surge_windows     = 45 180 250 430
hotspots          = 5 4 5 7 8 8
[MAP]
1 1 1 1 1 1 1 1 1 1 1 1
1 0 0 0 0 1 1 0 0 0 0 1
1 0 0 0 0 1 1 0 0 0 0 1
1 0 0 0 0 1 1 0 0 0 0 1
1 0 0 0 0 1 1 0 0 0 0 1
1 0 0 0 0 0 0 0 0 0 0 1
1 0 0 0 0 1 1 0 0 0 0 1
1 0 0 0 0 1 1 0 0 0 0 1
1 0 0 0 0 1 1 0 0 0 0 1
1 0 0 0 0 1 1 0 0 0 0 1
1 0 0 0 0 1 1 0 0 0 0 1
1 1 1 1 1 1 1 1 1 1 1 1
[END]

[CONFIG]
name              = S09_Maze15Rush
N                 = 15
C                 = 4
G                 = 95
T                 = 560
K_max             = 1 1 2 2
W_max             = 8.0 15.0 30.0 20.0
lambda0           = 0.12
surge_amplitude   = 4.5
surge_windows     = 70 220 310 470
hotspots          = 2 12 12 2 7 7
[MAP]
1 1 1 1 1 1 1 1 1 1 1 1 1 1 1
1 0 0 0 1 0 0 0 0 0 1 0 0 0 1
1 0 1 0 1 0 1 1 1 0 1 0 1 0 1
1 0 1 0 0 0 0 0 1 0 0 0 1 0 1
1 0 1 1 1 1 1 0 1 1 1 0 1 0 1
1 0 0 0 0 0 1 0 0 0 1 0 0 0 1
1 1 1 1 1 0 1 1 1 0 1 1 1 0 1
1 0 0 0 1 0 0 0 1 0 0 0 1 0 1
1 0 1 0 1 1 1 0 1 1 1 0 1 0 1
1 0 1 0 0 0 0 0 0 0 1 0 0 0 1
1 0 1 1 1 1 1 1 1 0 1 1 1 0 1
1 0 0 0 0 0 0 0 1 0 0 0 0 0 1
1 0 1 1 1 1 1 0 1 1 1 1 1 0 1
1 0 0 0 0 0 0 0 0 0 0 0 0 0 1
1 1 1 1 1 1 1 1 1 1 1 1 1 1 1
[END]

[CONFIG]
name              = S10_Maze15Dense
N                 = 15
C                 = 5
G                 = 120
T                 = 650
K_max             = 1 1 2 2 3
W_max             = 8.0 15.0 20.0 30.0 20.0
lambda0           = 0.13
surge_amplitude   = 5.0
surge_windows     = 80 260 360 560
hotspots          = 1 13 13 1 7 7
[MAP]
1 1 1 1 1 1 1 1 1 1 1 1 1 1 1
1 0 0 0 1 0 0 0 0 0 1 0 0 0 1
1 0 1 0 1 0 1 1 1 0 1 0 1 0 1
1 0 1 0 0 0 0 0 1 0 0 0 1 0 1
1 0 1 1 1 1 1 0 1 1 1 0 1 0 1
1 0 0 0 0 0 1 0 0 0 1 0 0 0 1
1 1 1 1 1 0 1 1 1 0 1 1 1 0 1
1 0 0 0 1 0 0 0 1 0 0 0 1 0 1
1 0 1 0 1 1 1 0 1 1 1 0 1 0 1
1 0 1 0 0 0 0 0 0 0 1 0 0 0 1
1 0 1 1 1 1 1 1 1 0 1 1 1 0 1
1 0 0 0 0 0 0 0 1 0 0 0 0 0 1
1 0 1 1 1 1 1 0 1 1 1 1 1 0 1
1 0 0 0 0 0 0 0 0 0 0 0 0 0 1
1 1 1 1 1 1 1 1 1 1 1 1 1 1 1
[END]

[CONFIG]
name              = S11_Maze15Long
N                 = 15
C                 = 5
G                 = 135
T                 = 820
K_max             = 1 2 2 2 3
W_max             = 8.0 15.0 30.0 30.0 20.0
lambda0           = 0.11
surge_amplitude   = 4.0
surge_windows     = 110 310 480 700
hotspots          = 2 12 12 2
[MAP]
1 1 1 1 1 1 1 1 1 1 1 1 1 1 1
1 0 0 0 1 0 0 0 0 0 1 0 0 0 1
1 0 1 0 1 0 1 1 1 0 1 0 1 0 1
1 0 1 0 0 0 0 0 1 0 0 0 1 0 1
1 0 1 1 1 1 1 0 1 1 1 0 1 0 1
1 0 0 0 0 0 1 0 0 0 1 0 0 0 1
1 1 1 1 1 0 1 1 1 0 1 1 1 0 1
1 0 0 0 1 0 0 0 1 0 0 0 1 0 1
1 0 1 0 1 1 1 0 1 1 1 0 1 0 1
1 0 1 0 0 0 0 0 0 0 1 0 0 0 1
1 0 1 1 1 1 1 1 1 0 1 1 1 0 1
1 0 0 0 0 0 0 0 1 0 0 0 0 0 1
1 0 1 1 1 1 1 0 1 1 1 1 1 0 1
1 0 0 0 0 0 0 0 0 0 0 0 0 0 1
1 1 1 1 1 1 1 1 1 1 1 1 1 1 1
[END]

[CONFIG]
name              = S12_Maze15Burst
N                 = 15
C                 = 6
G                 = 150
T                 = 720
K_max             = 1 1 2 2 2 3
W_max             = 8.0 15.0 20.0 30.0 30.0 20.0
lambda0           = 0.15
surge_amplitude   = 6.0
surge_windows     = 60 240 330 600
hotspots          = 2 12 12 2 7 7
[MAP]
1 1 1 1 1 1 1 1 1 1 1 1 1 1 1
1 0 0 0 1 0 0 0 0 0 1 0 0 0 1
1 0 1 0 1 0 1 1 1 0 1 0 1 0 1
1 0 1 0 0 0 0 0 1 0 0 0 1 0 1
1 0 1 1 1 1 1 0 1 1 1 0 1 0 1
1 0 0 0 0 0 1 0 0 0 1 0 0 0 1
1 1 1 1 1 0 1 1 1 0 1 1 1 0 1
1 0 0 0 1 0 0 0 1 0 0 0 1 0 1
1 0 1 0 1 1 1 0 1 1 1 0 1 0 1
1 0 1 0 0 0 0 0 0 0 1 0 0 0 1
1 0 1 1 1 1 1 1 1 0 1 1 1 0 1
1 0 0 0 0 0 0 0 1 0 0 0 0 0 1
1 0 1 1 1 1 1 0 1 1 1 1 1 0 1
1 0 0 0 0 0 0 0 0 0 0 0 0 0 1
1 1 1 1 1 1 1 1 1 1 1 1 1 1 1
[END]

[CONFIG]
name              = S13_Dual18Rush
N                 = 18
C                 = 5
G                 = 140
T                 = 720
K_max             = 1 2 2 1 3
W_max             = 20.0 20.0 30.0 30.0 20.0
lambda0           = 0.14
surge_amplitude   = 5.0
surge_windows     = 50 220 390 600
hotspots          = 2 2 15 15
[MAP]
1 1 1 1 1 1 1 1 1 1 1 1 1 1 1 1 1 1
1 0 0 0 0 0 0 0 1 0 0 0 0 0 0 0 0 1
1 0 0 1 1 0 0 0 1 0 0 0 0 0 1 0 0 1
1 0 0 0 0 0 0 0 1 0 0 0 0 0 0 0 0 1
1 0 0 1 0 0 0 0 0 0 0 0 0 0 1 0 0 1
1 0 0 1 0 0 0 0 1 0 0 0 0 0 1 0 0 1
1 0 0 0 0 0 0 0 1 0 0 0 0 0 0 0 0 1
1 0 0 0 0 0 0 0 1 0 0 0 0 0 0 0 0 1
1 0 0 0 0 0 0 0 1 0 0 0 0 0 0 0 0 1
1 1 1 1 0 1 1 1 1 1 1 1 1 0 1 1 1 1
1 0 0 0 0 0 0 0 1 0 0 0 0 0 0 0 0 1
1 0 0 0 0 0 0 0 1 0 0 0 0 0 0 0 0 1
1 0 0 1 0 0 0 0 1 0 0 0 0 0 1 0 0 1
1 0 0 1 0 0 0 0 0 0 0 0 0 0 1 0 0 1
1 0 0 0 0 0 0 0 1 0 0 0 0 0 0 0 0 1
1 0 0 0 0 0 1 0 1 0 0 1 0 0 0 0 0 1
1 0 0 0 0 0 0 0 1 0 0 0 0 0 0 0 0 1
1 1 1 1 1 1 1 1 1 1 1 1 1 1 1 1 1 1
[END]

[CONFIG]
name              = S14_Dual18Dense
N                 = 18
C                 = 6
G                 = 165
T                 = 840
K_max             = 1 1 2 2 3 3
W_max             = 10.0 20.0 20.0 30.0 30.0 20.0
lambda0           = 0.15
surge_amplitude   = 5.5
surge_windows     = 80 290 430 700
hotspots          = 2 2 15 15 8 13
[MAP]
1 1 1 1 1 1 1 1 1 1 1 1 1 1 1 1 1 1
1 0 0 0 0 0 0 0 1 0 0 0 0 0 0 0 0 1
1 0 0 1 1 0 0 0 1 0 0 0 0 0 1 0 0 1
1 0 0 0 0 0 0 0 1 0 0 0 0 0 0 0 0 1
1 0 0 1 0 0 0 0 0 0 0 0 0 0 1 0 0 1
1 0 0 1 0 0 0 0 1 0 0 0 0 0 1 0 0 1
1 0 0 0 0 0 0 0 1 0 0 0 0 0 0 0 0 1
1 0 0 0 0 0 0 0 1 0 0 0 0 0 0 0 0 1
1 0 0 0 0 0 0 0 1 0 0 0 0 0 0 0 0 1
1 1 1 1 0 1 1 1 1 1 1 1 1 0 1 1 1 1
1 0 0 0 0 0 0 0 1 0 0 0 0 0 0 0 0 1
1 0 0 0 0 0 0 0 1 0 0 0 0 0 0 0 0 1
1 0 0 1 0 0 0 0 1 0 0 0 0 0 1 0 0 1
1 0 0 1 0 0 0 0 0 0 0 0 0 0 1 0 0 1
1 0 0 0 0 0 0 0 1 0 0 0 0 0 0 0 0 1
1 0 0 0 0 0 1 0 1 0 0 1 0 0 0 0 0 1
1 0 0 0 0 0 0 0 1 0 0 0 0 0 0 0 0 1
1 1 1 1 1 1 1 1 1 1 1 1 1 1 1 1 1 1
[END]

[CONFIG]
name              = S15_Dual18Long
N                 = 18
C                 = 6
G                 = 180
T                 = 980
K_max             = 1 2 2 2 3 3
W_max             = 10.0 20.0 20.0 30.0 30.0 20.0
lambda0           = 0.12
surge_amplitude   = 4.5
surge_windows     = 120 360 560 860
hotspots          = 2 2 15 15
[MAP]
1 1 1 1 1 1 1 1 1 1 1 1 1 1 1 1 1 1
1 0 0 0 0 0 0 0 1 0 0 0 0 0 0 0 0 1
1 0 0 1 1 0 0 0 1 0 0 0 0 0 1 0 0 1
1 0 0 0 0 0 0 0 1 0 0 0 0 0 0 0 0 1
1 0 0 1 0 0 0 0 0 0 0 0 0 0 1 0 0 1
1 0 0 1 0 0 0 0 1 0 0 0 0 0 1 0 0 1
1 0 0 0 0 0 0 0 1 0 0 0 0 0 0 0 0 1
1 0 0 0 0 0 0 0 1 0 0 0 0 0 0 0 0 1
1 0 0 0 0 0 0 0 1 0 0 0 0 0 0 0 0 1
1 1 1 1 0 1 1 1 1 1 1 1 1 0 1 1 1 1
1 0 0 0 0 0 0 0 1 0 0 0 0 0 0 0 0 1
1 0 0 0 0 0 0 0 1 0 0 0 0 0 0 0 0 1
1 0 0 1 0 0 0 0 1 0 0 0 0 0 1 0 0 1
1 0 0 1 0 0 0 0 0 0 0 0 0 0 1 0 0 1
1 0 0 0 0 0 0 0 1 0 0 0 0 0 0 0 0 1
1 0 0 0 0 0 1 0 1 0 0 1 0 0 0 0 0 1
1 0 0 0 0 0 0 0 1 0 0 0 0 0 0 0 0 1
1 1 1 1 1 1 1 1 1 1 1 1 1 1 1 1 1 1
[END]

[CONFIG]
name              = S16_Dual18Burst
N                 = 18
C                 = 7
G                 = 200
T                 = 900
K_max             = 1 1 2 2 2 3 3
W_max             = 10.0 15.0 20.0 20.0 30.0 30.0 20.0
lambda0           = 0.16
surge_amplitude   = 6.0
surge_windows     = 70 300 430 760
hotspots          = 2 2 15 15 8 13
[MAP]
1 1 1 1 1 1 1 1 1 1 1 1 1 1 1 1 1 1
1 0 0 0 0 0 0 0 1 0 0 0 0 0 0 0 0 1
1 0 0 1 1 0 0 0 1 0 0 0 0 0 1 0 0 1
1 0 0 0 0 0 0 0 1 0 0 0 0 0 0 0 0 1
1 0 0 1 0 0 0 0 0 0 0 0 0 0 1 0 0 1
1 0 0 1 0 0 0 0 1 0 0 0 0 0 1 0 0 1
1 0 0 0 0 0 0 0 1 0 0 0 0 0 0 0 0 1
1 0 0 0 0 0 0 0 1 0 0 0 0 0 0 0 0 1
1 0 0 0 0 0 0 0 1 0 0 0 0 0 0 0 0 1
1 1 1 1 0 1 1 1 1 1 1 1 1 0 1 1 1 1
1 0 0 0 0 0 0 0 1 0 0 0 0 0 0 0 0 1
1 0 0 0 0 0 0 0 1 0 0 0 0 0 0 0 0 1
1 0 0 1 0 0 0 0 1 0 0 0 0 0 1 0 0 1
1 0 0 1 0 0 0 0 0 0 0 0 0 0 1 0 0 1
1 0 0 0 0 0 0 0 1 0 0 0 0 0 0 0 0 1
1 0 0 0 0 0 1 0 1 0 0 1 0 0 0 0 0 1
1 0 0 0 0 0 0 0 1 0 0 0 0 0 0 0 0 1
1 1 1 1 1 1 1 1 1 1 1 1 1 1 1 1 1 1
[END]

[CONFIG]
name              = S17_Lab20Rush
N                 = 20
C                 = 5
G                 = 160
T                 = 1000
K_max             = 2 2 2 3 3
W_max             = 15.0 20.0 30.0 30.0 20.0
lambda0           = 0.11
surge_amplitude   = 5.0
surge_windows     = 120 360 520 820
hotspots          = 3 3 16 16
[MAP]
1 1 1 1 1 1 1 1 1 1 1 1 1 1 1 1 1 1 1 1
1 0 0 0 0 1 0 0 0 0 1 0 0 0 0 1 0 0 0 1
1 0 0 0 0 1 0 1 1 0 1 0 1 1 0 1 0 0 0 1
1 0 0 0 0 0 0 0 0 0 1 0 0 0 0 0 0 0 0 1
1 0 0 0 1 1 0 0 0 0 1 0 0 0 0 1 1 0 0 1
1 0 0 0 0 1 0 0 0 0 0 0 0 0 0 1 0 0 0 1
1 0 1 0 0 1 0 0 0 0 1 0 0 0 0 1 0 0 0 1
1 0 1 0 0 1 0 0 0 0 1 0 0 0 0 1 0 1 0 1
1 0 0 0 0 1 0 0 0 0 1 0 0 0 0 1 0 0 0 1
1 0 0 0 0 1 0 0 0 0 0 0 0 0 0 1 0 0 0 1
1 1 1 1 1 1 1 1 1 0 0 1 1 1 0 1 1 1 1 1
1 0 0 0 0 1 0 0 0 0 1 0 0 0 0 1 0 0 0 1
1 0 1 0 0 1 0 0 0 0 1 0 0 0 0 1 0 1 0 1
1 0 0 0 0 1 0 0 0 0 1 0 1 0 0 1 0 0 0 1
1 0 0 0 0 1 0 0 0 0 0 0 1 0 0 1 0 0 0 1
1 0 0 1 1 1 0 0 0 0 1 0 1 0 0 1 1 1 0 1
1 0 0 0 0 0 0 0 0 0 1 0 1 0 0 0 0 0 0 1
1 0 0 0 0 1 0 0 1 0 1 0 0 0 0 1 0 0 0 1
1 0 0 0 0 1 0 0 0 0 1 0 0 0 0 1 0 0 0 1
1 1 1 1 1 1 1 1 1 1 1 1 1 1 1 1 1 1 1 1
[END]

[CONFIG]
name              = S18_Lab20Dense
N                 = 20
C                 = 6
G                 = 190
T                 = 1100
K_max             = 1 2 2 2 3 3
W_max             = 10.0 20.0 20.0 30.0 30.0 20.0
lambda0           = 0.12
surge_amplitude   = 5.5
surge_windows     = 100 380 560 900
hotspots          = 3 3 16 16 9 14
[MAP]
1 1 1 1 1 1 1 1 1 1 1 1 1 1 1 1 1 1 1 1
1 0 0 0 0 1 0 0 0 0 1 0 0 0 0 1 0 0 0 1
1 0 0 0 0 1 0 1 1 0 1 0 1 1 0 1 0 0 0 1
1 0 0 0 0 0 0 0 0 0 1 0 0 0 0 0 0 0 0 1
1 0 0 0 1 1 0 0 0 0 1 0 0 0 0 1 1 0 0 1
1 0 0 0 0 1 0 0 0 0 0 0 0 0 0 1 0 0 0 1
1 0 1 0 0 1 0 0 0 0 1 0 0 0 0 1 0 0 0 1
1 0 1 0 0 1 0 0 0 0 1 0 0 0 0 1 0 1 0 1
1 0 0 0 0 1 0 0 0 0 1 0 0 0 0 1 0 0 0 1
1 0 0 0 0 1 0 0 0 0 0 0 0 0 0 1 0 0 0 1
1 1 1 1 1 1 1 1 1 0 0 1 1 1 0 1 1 1 1 1
1 0 0 0 0 1 0 0 0 0 1 0 0 0 0 1 0 0 0 1
1 0 1 0 0 1 0 0 0 0 1 0 0 0 0 1 0 1 0 1
1 0 0 0 0 1 0 0 0 0 1 0 1 0 0 1 0 0 0 1
1 0 0 0 0 1 0 0 0 0 0 0 1 0 0 1 0 0 0 1
1 0 0 1 1 1 0 0 0 0 1 0 1 0 0 1 1 1 0 1
1 0 0 0 0 0 0 0 0 0 1 0 1 0 0 0 0 0 0 1
1 0 0 0 0 1 0 0 1 0 1 0 0 0 0 1 0 0 0 1
1 0 0 0 0 1 0 0 0 0 1 0 0 0 0 1 0 0 0 1
1 1 1 1 1 1 1 1 1 1 1 1 1 1 1 1 1 1 1 1
[END]

[CONFIG]
name              = S19_Lab20Long
N                 = 20
C                 = 6
G                 = 210
T                 = 1300
K_max             = 1 2 2 2 3 3
W_max             = 10.0 20.0 20.0 30.0 30.0 20.0
lambda0           = 0.10
surge_amplitude   = 4.5
surge_windows     = 160 460 720 1100
hotspots          = 3 3 16 16
[MAP]
1 1 1 1 1 1 1 1 1 1 1 1 1 1 1 1 1 1 1 1
1 0 0 0 0 1 0 0 0 0 1 0 0 0 0 1 0 0 0 1
1 0 0 0 0 1 0 1 1 0 1 0 1 1 0 1 0 0 0 1
1 0 0 0 0 0 0 0 0 0 1 0 0 0 0 0 0 0 0 1
1 0 0 0 1 1 0 0 0 0 1 0 0 0 0 1 1 0 0 1
1 0 0 0 0 1 0 0 0 0 0 0 0 0 0 1 0 0 0 1
1 0 1 0 0 1 0 0 0 0 1 0 0 0 0 1 0 0 0 1
1 0 1 0 0 1 0 0 0 0 1 0 0 0 0 1 0 1 0 1
1 0 0 0 0 1 0 0 0 0 1 0 0 0 0 1 0 0 0 1
1 0 0 0 0 1 0 0 0 0 0 0 0 0 0 1 0 0 0 1
1 1 1 1 1 1 1 1 1 0 0 1 1 1 0 1 1 1 1 1
1 0 0 0 0 1 0 0 0 0 1 0 0 0 0 1 0 0 0 1
1 0 1 0 0 1 0 0 0 0 1 0 0 0 0 1 0 1 0 1
1 0 0 0 0 1 0 0 0 0 1 0 1 0 0 1 0 0 0 1
1 0 0 0 0 1 0 0 0 0 0 0 1 0 0 1 0 0 0 1
1 0 0 1 1 1 0 0 0 0 1 0 1 0 0 1 1 1 0 1
1 0 0 0 0 0 0 0 0 0 1 0 1 0 0 0 0 0 0 1
1 0 0 0 0 1 0 0 1 0 1 0 0 0 0 1 0 0 0 1
1 0 0 0 0 1 0 0 0 0 1 0 0 0 0 1 0 0 0 1
1 1 1 1 1 1 1 1 1 1 1 1 1 1 1 1 1 1 1 1
[END]

[CONFIG]
name              = S20_Lab20Burst
N                 = 20
C                 = 7
G                 = 240
T                 = 1200
K_max             = 1 1 2 2 2 3 3
W_max             = 10.0 15.0 20.0 20.0 30.0 30.0 20.0
lambda0           = 0.15
surge_amplitude   = 6.0
surge_windows     = 100 430 620 1020
hotspots          = 3 3 16 16 9 14
[MAP]
1 1 1 1 1 1 1 1 1 1 1 1 1 1 1 1 1 1 1 1
1 0 0 0 0 1 0 0 0 0 1 0 0 0 0 1 0 0 0 1
1 0 0 0 0 1 0 1 1 0 1 0 1 1 0 1 0 0 0 1
1 0 0 0 0 0 0 0 0 0 1 0 0 0 0 0 0 0 0 1
1 0 0 0 1 1 0 0 0 0 1 0 0 0 0 1 1 0 0 1
1 0 0 0 0 1 0 0 0 0 0 0 0 0 0 1 0 0 0 1
1 0 1 0 0 1 0 0 0 0 1 0 0 0 0 1 0 0 0 1
1 0 1 0 0 1 0 0 0 0 1 0 0 0 0 1 0 1 0 1
1 0 0 0 0 1 0 0 0 0 1 0 0 0 0 1 0 0 0 1
1 0 0 0 0 1 0 0 0 0 0 0 0 0 0 1 0 0 0 1
1 1 1 1 1 1 1 1 1 0 0 1 1 1 0 1 1 1 1 1
1 0 0 0 0 1 0 0 0 0 1 0 0 0 0 1 0 0 0 1
1 0 1 0 0 1 0 0 0 0 1 0 0 0 0 1 0 1 0 1
1 0 0 0 0 1 0 0 0 0 1 0 1 0 0 1 0 0 0 1
1 0 0 0 0 1 0 0 0 0 0 0 1 0 0 1 0 0 0 1
1 0 0 1 1 1 0 0 0 0 1 0 1 0 0 1 1 1 0 1
1 0 0 0 0 0 0 0 0 0 1 0 1 0 0 0 0 0 0 1
1 0 0 0 0 1 0 0 1 0 1 0 0 0 0 1 0 0 0 1
1 0 0 0 0 1 0 0 0 0 1 0 0 0 0 1 0 0 0 1
1 1 1 1 1 1 1 1 1 1 1 1 1 1 1 1 1 1 1 1
[END]
